124, 124, 5, 6, 124, 5, 1, true, true
124, 124, 5, 4, 124, 5, 6, true, true
124, 124, 4, 8, 124, 4, 15, true, false
124, 124, 3, 26, 124, 3, 30, true, false
124, 124, 3, 1, 124, 3, 15, true, true
124, 124, 3, 1, 124, 3, 15, true, false
124, 124, 3, 2, 124, 3, 16, true, false
124, 124, 3, 1, 124, 3, 15, true, false
124, 124, 3, 1, 124, 3, 15, true, false
124, 124, 3, 4, 124, 3, 5, true, false
124, 124, 3, 1, 124, 3, 3, true, false
124, 124, 3, 1, 124, 3, 3, true, false
123, 124, 3, 1, 124, 3, 10, true, true
125, 124, 3, 1, 124, 3, 12, true, true
